 k_F       E/A

Lambda=450 MeV
c_D,c_E---case (a)

0.0       0.0 
0.8000   -7.2560 
0.9000   -8.8918
1.0000   -10.6599 
1.1000   -12.4261 
1.2000   -13.9950 
1.3330   -15.1972
1.4000   -15.1454 
1.5000   -13.7939 

c_D,c_E---case (b)

0.0      0.0
0.8000   -7.2707 
0.9000   -8.9213 
1.0000   -10.7154 
1.1000   -12.5218 
1.2000   -14.1483
1.3330   -15.4536
1.4000   -15.4675 
1.5000   -14.2370 

c_D,c_E---case (c)

0.0        0.0
0.8000    -7.2857
0.9000    -8.9515
1.0000    -10.7723 
1.1000    -12.6198 
1.2000    -14.3056 
1.3330    -15.7172 
1.4000    -15.7993 
1.5000    -14.6947 

