 k_F       E/A

Lambda=500 MeV
c_D,c_E---case (a)

0.0        0.0 
0.8000    -6.9795
0.9000    -8.3662
1.0000    -9.7929 
1.1000    -11.1305 
1.2000    -12.2120
1.3330    -12.7767 
1.4000    -12.4773
1.5000    -10.9457 

c_D,c_E---case (b)

0.0       0.0 
0.8000   -6.9680 
0.9000   -8.3409
1.0000   -9.7423
1.1000   -11.0389 
1.2000   -12.0585
1.3330   -12.5022
1.4000   -12.1203
1.5000   -10.4303 

c_D,c_E---case (c)

0.0       0.0 
0.8000   -6.9459 
0.9000   -8.3008
1.0000   -9.6726
1.1000   -10.9243
1.2000   -11.8795
1.3330   -12.2022
1.4000   -11.7402
1.5000   -9.9007 

