Lambda= 450 MeV          
 k_F^n(fm^-1)  E/A(MeV)

-------------------------
 0.0       0.0 
 1.0079    5.7490 
 1.1339    7.0414 
 1.2599    8.5482 
 1.3859   10.4108 
 1.5119   12.8337 
 1.6379   16.0743 
 1.7639   20.4426 
 1.8899   26.3108 
-------------------------

Lambda= 500 MeV          
 k_F^n(fm^-1)  E/A(MeV)
-------------------------
 0.0       0.0 
 1.0079    5.6972 
 1.1339    6.9405 
 1.2599    8.3660 
 1.3859   10.1092 
 1.5119   12.3808 
 1.6379   15.4595 
 1.7639   19.6832 
 1.8899   25.4504 
