   nr      pr       ns      cr       be    sc        A   Z              rp            cp        wp      rn           cn         wn   A   Z 
ex_n2lo_450.don                                                  ex_n2lo_450.don
  2.7347  2.7596  -0.0249  2.8897  -6.8315  0.0      16  8         2.9850170953  0.405248064   0.0  2.9687004293  0.3981655074  0.0  16  8
  3.4247  3.4693  -0.0446  3.5737  -7.6019  0.0      40  20        3.9543415442  0.4382665949  0.0  3.9169306667  0.4273482071  0.0  40  20
  3.7122  3.53     0.1822  3.6326  -7.7602  17.4932  48  20        4.1389118117  0.3974155474  0.0  4.1790692969  0.4888318572  0.0  48  20
  3.7512  3.8068  -0.0555  3.9021  -7.6239  0.0      56  28        4.4124856258  0.4509125114  0.0  4.3623825648  0.4382165409  0.0  56  28
  5.686   5.5054   0.1807  5.5717  -6.8843  21.7326  208 82        6.8222998707  0.4152633808  0.0  6.8511790156  0.5492034055  0.0  208 82
															      
e10_n2lo_450_a.don                                               e10_n2lo_450_a.don
  2.7347  2.7596  -0.0249  2.8897  -6.8315  0.0      16  8         2.9850118003  0.4052506248  0.0  2.9687204699  0.3981610436  0.0  16  8
  3.4249  3.4692  -0.0443  3.5736  -7.6019  0.0      40  20        3.9540078721  0.4383446399  0.0  3.9174640891  0.4272484264  0.0  40  20
  3.7165  3.5317   0.1848  3.6343  -7.7565  17.5833  48  20        4.1410202587  0.3975759173  0.0  4.1895898241  0.4872880709  0.0  48  20
  3.7516  3.8066  -0.055   3.9019  -7.6238  0.0      56  28        4.4119907242  0.4510209516  0.0  4.363212643   0.4380687315  0.0  56  28
  5.7076  5.518    0.1896  5.5842  -6.868   21.8956  208 82        6.8394259136  0.4152003292  0.0  6.8868029627  0.5460347964  0.0  208 82
															      
e10_n2lo_500_c.don                                               e10_n2lo_500_c.don
  2.9015  2.9303  -0.0288  3.0531  -5.688   0.0      16  8         3.2103624048  0.4169895346  0.0  3.1901196151  0.4090993948  0.0  16  8
  3.6455  3.6976  -0.0521  3.7957  -6.089   0.0      40  20        4.2434001059  0.4556227826  0.0  4.1989609858  0.44293044    0.0  40  20
  3.9479  3.767    0.1809  3.8633  -6.2315  14.7409  48  20        4.4377780613  0.4144760594  0.0  4.4661605843  0.5116862548  0.0  48  20
  3.9946  4.0593  -0.0646  4.1488  -6.0073  0.0      56  28        4.7369230557  0.467093853   0.0  4.678470777   0.4521024598  0.0  56  28
  6.1015  5.9377   0.1638  5.9992  -5.0968  18.1092  208 82        7.3885433591  0.425487027   0.0  7.3974763759  0.5639540147  0.0  208 82
															      
e10_n2lo_450_c.don                                               e10_n2lo_450_c.don
  2.7077  2.7321  -0.0244  2.8635  -7.0125  0.0      16  8         2.9468039821  0.4039109647  0.0  2.9311100146  0.3969047427  0.0  16  8
  3.3841  3.4275  -0.0433  3.533   -7.861   0.0      40  20        3.8961152737  0.437075735   0.0  3.8608657793  0.4260991128  0.0  40  20
  3.6754  3.4893   0.1862  3.593   -8.0197  18.0822  48  20        4.0807079993  0.3975340441  0.0  4.1327896119  0.48579889    0.0  48  20
  3.7042  3.758   -0.0538  3.8546  -7.9071  0.0      56  28        4.344530083   0.4499892204  0.0  4.2973884495  0.4371721383  0.0  56  28
  5.6272  5.4333   0.1939  5.5005  -7.193   22.6671  208 82        6.7248151761  0.4156194057  0.0  6.7774327459  0.5450977669  0.0  208 82
															      
e10_n2lo_500_a.don                                               e10_n2lo_500_a.don
  2.8698  2.8982  -0.0284  3.0224  -5.826   0.0      16  8         3.1601697711  0.4174399934  0.0  3.1406655695  0.4095602738  0.0  16  8
  3.5968  3.6483  -0.0515  3.7477  -6.2877  0.0      40  20        4.167235306   0.4573716039  0.0  4.1244287829  0.4445080821  0.0  40  20
  3.8957  3.7128   0.1829  3.8105  -6.4356  15.1778  48  20        4.3597149721  0.4150600783  0.0  4.3903274873  0.5112310752  0.0  48  20
  3.9427  4.0062  -0.0634  4.0969  -6.2245  0.0      56  28        4.6607073032  0.467197042   0.0  4.6037221946  0.4524474103  0.0  56  28
  6.0113  5.8419   0.1694  5.9045  -5.3407  18.7014  208 82        7.2536594699  0.4303245052  0.0  7.2686328299  0.5665828924  0.0  208 82
															      
e10_n2lo_450_b.don                                               e10_n2lo_450_b.don
  2.7213  2.746   -0.0247  2.8767  -6.9196  0.0      16  8         2.9661010932  0.404606823   0.0  2.9501040823  0.3975579479  0.0  16  8
  3.4049  3.4487  -0.0438  3.5537  -7.7277  0.0      40  20        3.9256543291  0.4377078162  0.0  3.8897450332  0.4266702854  0.0  40  20
  3.6965  3.5111   0.1854  3.6142  -7.8844  17.8259  48  20        4.1119487233  0.397469979   0.0  4.1622635505  0.4864260029  0.0  48  20
  3.7285  3.7829  -0.0544  3.8788  -7.7613  0.0      56  28        4.3791948852  0.4504612088  0.0  4.3312112223  0.4375816458  0.0  56  28
  5.6681  5.4763   0.1917  5.543   -7.0254  22.2694  208 82        6.7830926645  0.4153690242  0.0  6.8330159201  0.5455836417  0.0  208 82
															      
e10_n2lo_500_b.don                                               e10_n2lo_500_b.don
  2.8851  2.9136  -0.0285  3.0371  -5.7646  0.0      16  8         3.1849370714  0.4170185376  0.0  3.1650624837  0.4091513134  0.0  16  8
  3.6211  3.6729  -0.0517  3.7716  -6.1963  0.0      40  20        4.2062803879  0.4560907803  0.0  4.1626320524  0.4433658164  0.0  40  20
  3.9214  3.7397   0.1818  3.8367  -6.3414  14.9679  48  20        4.3991252051  0.4144913809  0.0  4.4287072507  0.5111159664  0.0  48  20
  3.9688  4.0327  -0.0639  4.1228  -6.1242  0.0      56  28        4.7001656079  0.4665477762  0.0  4.6424342187  0.4517601836  0.0  56  28
  6.0582  5.8924   0.1658  5.9544  -5.2268  18.4081  208 82        7.3258835195  0.4269662753  0.0  7.3377785651  0.5640403236  0.0  208 82
															      
KEY
rp : radial parameter (proton)
cp : diffuse parameter (proton)
wp : folding parameter (proton)
rn : radial parameter (neutron)
cn : diffuse parameter (neutron)
wn : folding parameter (neutron)
nr : neutron r.m.s. radius 
pr : proton r.m.s. radius
ns : neutron skin 
cr : charge radius 
be : binding energy
sc : symmetry-energy coefficient 
A  : Atomic mass 
Z  : Atomic number 